Install root: /opt/homebrew/Cellar/testpp/20.0.3
-- The C compiler identification is AppleClang 17.0.0.17000603
-- The CXX compiler identification is AppleClang 17.0.0.17000603
-- Detecting C compiler ABI info
-- Detecting C compiler ABI info - done
-- Check for working C compiler: /usr/bin/cc - skipped
-- Detecting C compile features
-- Detecting C compile features - done
-- Detecting CXX compiler ABI info
-- Detecting CXX compiler ABI info - done
-- Check for working CXX compiler: /usr/bin/c++ - skipped
-- Detecting CXX compile features
-- Detecting CXX compile features - done
-- Performing Test CMAKE_HAVE_LIBC_PTHREAD
-- Performing Test CMAKE_HAVE_LIBC_PTHREAD - Success
-- Found Threads: TRUE
-- testpp_DIR = /opt/homebrew/Cellar/testpp/20.0.3/lib/cmake/testpp
-- testpp includes = /opt/homebrew/Cellar/testpp/20.0.3/include
-- testpp_main includes = testpp::testpp
-- Configuring done (1.6s)
-- Generating done (0.0s)
-- Build files have been written to: /Users/oliverlie/.testpp/build
[ 57%] Building CXX object CMakeFiles/testpp_generated.dir/Users/oliverlie/Documents/GitHub/SATurn/src/Watched.cpp.o
[ 57%] Building CXX object CMakeFiles/testpp_generated.dir/Users/oliverlie/Documents/GitHub/SATurn/src/Learn.cpp.o
[ 57%] Building CXX object CMakeFiles/testpp_generated.dir/Users/oliverlie/Documents/GitHub/SATurn/src/Getters.cpp.o
[ 57%] Building CXX object CMakeFiles/testpp_generated.dir/Users/oliverlie/Documents/GitHub/SATurn/src/Constructor.cpp.o
[ 71%] Building CXX object CMakeFiles/testpp_generated.dir/Users/oliverlie/Documents/GitHub/SATurn/tests/SolveTest.cpp.o
[ 85%] Building CXX object CMakeFiles/testpp_generated.dir/Users/oliverlie/Documents/GitHub/SATurn/src/Solve.cpp.o
[100%] Linking CXX executable bin/testpp_generated
[100%] Built target testpp_generated
"tests/UUF50.218.1000/uuf50-0410.cnf"
learn() from solveCNF()
learn()
already learned: 
already satisfied: 
newly learned: 
newly satisfied: 

pure_lit_eliminate() from solveCNF()
pure_lit_eliminate()
currently learned: 
currently satisfied: 
newly learned: 

newly satisfied: 


mark_satisfied() from solveCNF()
mark_satisfied()
currently learned: 
currently satisfied: 

newly satisfied: 
num_satisfied: 0

moving into recursive solve()
assuming 1 to be true
learn() on level 1
learn()
already learned: 1 
already satisfied: 
newly learned: 
newly satisfied: 

1 = true did not lead to a contradiction
pure_lit_eliminate() on level 1
pure_lit_eliminate()
currently learned: 1 
currently satisfied: 
newly learned: 

newly satisfied: 


mark_satisfied() on level 1
mark_satisfied()
currently learned: 1 
currently satisfied: 

newly satisfied: 15 18 20 31 75 83 113 159 216 
num_satisfied: 9

continuing to solve
assuming 2 to be true
learn() on level 2
learn()
already learned: 2 1 
already satisfied: 15 18 20 31 75 83 113 159 216 
newly learned: 
newly satisfied: 

2 = true did not lead to a contradiction
pure_lit_eliminate() on level 2
pure_lit_eliminate()
currently learned: 2 1 
currently satisfied: 15 18 20 31 75 83 113 159 216 
newly learned: 

newly satisfied: 


mark_satisfied() on level 2
mark_satisfied()
currently learned: 2 1 
currently satisfied: 
15 18 20 31 75 83 113 159 216 
newly satisfied: 96 111 147 151 173 
num_satisfied: 14

continuing to solve
assuming 3 to be true
learn() on level 3
learn()
already learned: 3 2 1 
already satisfied: 15 18 20 31 75 83 96 111 113 147 151 159 173 216 
newly learned: -50 
newly satisfied: 1 

3 = true did not lead to a contradiction
pure_lit_eliminate() on level 3
pure_lit_eliminate()
currently learned: 3 2 -50 1 
currently satisfied: 15 18 20 31 75 83 96 111 113 147 151 159 173 187 216 
newly learned: 

newly satisfied: 


mark_satisfied() on level 3
mark_satisfied()
currently learned: 3 2 -50 1 
currently satisfied: 
15 18 20 31 75 83 96 111 113 147 151 159 173 187 216 
newly satisfied: 45 52 66 119 133 135 154 162 177 205 206 
num_satisfied: 26

continuing to solve
assuming 4 to be true
learn() on level 4
learn()
already learned: 4 3 2 -50 1 
already satisfied: 15 18 20 31 45 52 66 75 83 96 111 113 119 133 135 147 151 154 159 162 173 177 187 205 206 216 
newly learned: -28 
newly satisfied: 0 

4 = true did not lead to a contradiction
pure_lit_eliminate() on level 4
pure_lit_eliminate()
currently learned: 4 3 2 -28 -50 1 
currently satisfied: 15 18 20 31 45 52 66 75 83 96 111 113 119 133 135 147 151 154 159 162 173 177 182 187 205 206 216 
newly learned: 

newly satisfied: 


mark_satisfied() on level 4
mark_satisfied()
currently learned: 4 3 2 -28 -50 1 
currently satisfied: 
15 18 20 31 45 52 66 75 83 96 111 113 119 133 135 147 151 154 159 162 173 177 182 187 205 206 216 
newly satisfied: 1 9 76 80 104 128 145 193 
num_satisfied: 35

continuing to solve
assuming 5 to be true
learn() on level 5
learn()
already learned: 5 4 3 2 -28 -50 1 
already satisfied: 1 9 15 18 20 31 45 52 66 75 76 80 83 96 104 111 113 119 128 133 135 145 147 151 154 159 162 173 177 182 187 193 205 206 216 
newly learned: 
newly satisfied: 

5 = true did not lead to a contradiction
pure_lit_eliminate() on level 5
pure_lit_eliminate()
currently learned: 5 4 3 2 -28 -50 1 
currently satisfied: 1 9 15 18 20 31 45 52 66 75 76 80 83 96 104 111 113 119 128 133 135 145 147 151 154 159 162 173 177 182 187 193 205 206 216 
newly learned: 

newly satisfied: 


mark_satisfied() on level 5
mark_satisfied()
currently learned: 5 4 3 2 -28 -50 1 
currently satisfied: 
1 9 15 18 20 31 45 52 66 75 76 80 83 96 104 111 113 119 128 133 135 145 147 151 154 159 162 173 177 182 187 193 205 206 216 
newly satisfied: 64 78 129 156 
num_satisfied: 39

continuing to solve
assuming 6 to be true
learn() on level 6
learn()
already learned: 6 5 4 3 2 -28 -50 1 
already satisfied: 1 9 15 18 20 31 45 52 64 66 75 76 78 80 83 96 104 111 113 119 128 129 133 135 145 147 151 154 156 159 162 173 177 182 187 193 205 206 216 
newly learned: 
newly satisfied: 

6 = true did not lead to a contradiction
pure_lit_eliminate() on level 6
pure_lit_eliminate()
currently learned: 6 5 4 3 2 -28 -50 1 
currently satisfied: 1 9 15 18 20 31 45 52 64 66 75 76 78 80 83 96 104 111 113 119 128 129 133 135 145 147 151 154 156 159 162 173 177 182 187 193 205 206 216 
newly learned: 

newly satisfied: 


mark_satisfied() on level 6
mark_satisfied()
currently learned: 6 5 4 3 2 -28 -50 1 
currently satisfied: 
1 9 15 18 20 31 45 52 64 66 75 76 78 80 83 96 104 111 113 119 128 129 133 135 145 147 151 154 156 159 162 173 177 182 187 193 205 206 216 
newly satisfied: 4 5 11 21 38 200 211 
num_satisfied: 46

continuing to solve
assuming 7 to be true
learn() on level 7
learn()
already learned: 7 6 5 4 3 2 -28 -50 1 
already satisfied: 1 4 5 9 11 15 18 20 21 31 38 45 52 64 66 75 76 78 80 83 96 104 111 113 119 128 129 133 135 145 147 151 154 156 159 162 173 177 182 187 193 200 205 206 211 216 
newly learned: 32 
newly satisfied: 0 

7 = true did not lead to a contradiction
pure_lit_eliminate() on level 7
pure_lit_eliminate()
currently learned: 7 6 5 4 3 2 32 -28 -50 1 
currently satisfied: 0 1 4 5 9 11 15 18 20 21 31 38 45 52 64 66 75 76 78 80 83 96 104 111 113 119 128 129 133 135 145 147 151 154 156 159 162 173 177 182 187 193 200 205 206 211 216 
newly learned: 

newly satisfied: 


mark_satisfied() on level 7
mark_satisfied()
currently learned: 7 6 5 4 3 2 32 -28 -50 1 
currently satisfied: 
0 1 4 5 9 11 15 18 20 21 31 38 45 52 64 66 75 76 78 80 83 96 104 111 113 119 128 129 133 135 145 147 151 154 156 159 162 173 177 182 187 193 200 205 206 211 216 
newly satisfied: 12 67 82 115 116 131 132 137 138 157 166 188 
num_satisfied: 59

continuing to solve
assuming 8 to be true
learn() on level 8
learn()
already learned: 8 7 6 5 4 3 2 32 -28 -50 1 
already satisfied: 0 1 4 5 9 11 12 15 18 20 21 31 38 45 52 64 66 67 75 76 78 80 82 83 96 104 111 113 115 116 119 128 129 131 132 133 135 137 138 145 147 151 154 156 157 159 162 166 173 177 182 187 188 193 200 205 206 211 216 
newly learned: -22 
newly satisfied: 0 

8 = true did not lead to a contradiction
pure_lit_eliminate() on level 8
pure_lit_eliminate()
currently learned: 8 -22 7 6 5 4 3 -50 2 32 -28 1 
currently satisfied: 0 1 4 5 9 11 12 15 18 20 21 31 38 45 52 55 64 66 67 75 76 78 80 82 83 96 104 111 113 115 116 119 128 129 131 132 133 135 137 138 145 147 151 154 156 157 159 162 166 173 177 182 187 188 193 200 205 206 211 216 
newly learned: 

newly satisfied: 


mark_satisfied() on level 8
mark_satisfied()
currently learned: 8 -22 7 6 5 4 3 -50 2 32 -28 1 
currently satisfied: 
0 1 4 5 9 11 12 15 18 20 21 31 38 45 52 55 64 66 67 75 76 78 80 82 83 96 104 111 113 115 116 119 128 129 131 132 133 135 137 138 145 147 151 154 156 157 159 162 166 173 177 182 187 188 193 200 205 206 211 216 
newly satisfied: 30 37 44 61 68 79 124 150 165 170 
num_satisfied: 70

continuing to solve
assuming 9 to be true
learn() on level 9
learn()
already learned: 8 -22 7 6 5 4 3 -50 2 9 32 -28 1 
already satisfied: 0 1 4 5 9 11 12 15 18 20 21 30 31 37 38 44 45 52 55 61 64 66 67 68 75 76 78 79 80 82 83 96 104 111 113 115 116 119 124 128 129 131 132 133 135 137 138 145 147 150 151 154 156 157 159 162 165 166 170 173 177 182 187 188 193 200 205 206 211 216 
newly learned: -26 
newly satisfied: 2 

9 = true did not lead to a contradiction
pure_lit_eliminate() on level 9
pure_lit_eliminate()
currently learned: 8 -22 7 6 5 4 -26 3 -50 2 9 32 -28 1 
currently satisfied: 0 1 4 5 9 11 12 15 18 20 21 30 31 37 38 44 45 52 55 61 64 66 67 68 75 76 78 79 80 82 83 96 104 111 113 115 116 119 124 128 129 131 132 133 135 137 138 145 147 150 151 154 156 157 159 162 165 166 170 173 177 182 187 188 193 199 200 205 206 211 216 
newly learned: 

newly satisfied: 


mark_satisfied() on level 9
mark_satisfied()
currently learned: 8 -22 7 6 5 4 -26 3 -50 2 9 32 -28 1 
currently satisfied: 
0 1 4 5 9 11 12 15 18 20 21 30 31 37 38 44 45 52 55 61 64 66 67 68 75 76 78 79 80 82 83 96 104 111 113 115 116 119 124 128 129 131 132 133 135 137 138 145 147 150 151 154 156 157 159 162 165 166 170 173 177 182 187 188 193 199 200 205 206 211 216 
newly satisfied: 26 72 97 101 107 122 140 152 212 
num_satisfied: 80

continuing to solve
assuming 10 to be true
learn() on level 10
learn()
already learned: 10 8 -22 7 6 5 4 -26 3 -50 2 9 32 -28 1 
already satisfied: 0 1 4 5 9 11 12 15 18 20 21 26 30 31 37 38 44 45 52 55 61 64 66 67 68 72 75 76 78 79 80 82 83 96 97 101 104 107 111 113 115 116 119 122 124 128 129 131 132 133 135 137 138 140 145 147 150 151 152 154 156 157 159 162 165 166 170 173 177 182 187 188 193 199 200 205 206 211 212 216 
newly learned: 13 19 
newly satisfied: 1 1 

10 = true did not lead to a contradiction
pure_lit_eliminate() on level 10
pure_lit_eliminate()
currently learned: 19 13 10 8 -22 7 6 5 4 -26 3 -50 2 9 32 -28 1 
currently satisfied: 0 1 4 5 9 11 12 15 18 20 21 26 30 31 34 37 38 44 45 52 55 61 64 66 67 68 72 75 76 78 79 80 82 83 96 97 101 104 107 111 113 115 116 119 122 124 128 129 131 132 133 135 137 138 140 145 147 150 151 152 154 156 157 159 162 165 166 169 170 173 177 182 187 188 193 199 200 205 206 211 212 216 
newly learned: 

newly satisfied: 


mark_satisfied() on level 10
mark_satisfied()
currently learned: 19 13 10 8 -22 7 6 5 4 -26 3 -50 2 9 32 -28 1 
currently satisfied: 
0 1 4 5 9 11 12 15 18 20 21 26 30 31 34 37 38 44 45 52 55 61 64 66 67 68 72 75 76 78 79 80 82 83 96 97 101 104 107 111 113 115 116 119 122 124 128 129 131 132 133 135 137 138 140 145 147 150 151 152 154 156 157 159 162 165 166 169 170 173 177 182 187 188 193 199 200 205 206 211 212 216 
newly satisfied: 8 10 43 47 57 58 77 93 110 139 141 155 164 174 181 184 192 202 208 215 
num_satisfied: 102

continuing to solve
assuming 11 to be true
learn() on level 11
learn()
already learned: 11 19 13 10 8 -22 7 6 5 4 -26 3 -50 2 9 32 -28 1 
already satisfied: 0 1 4 5 8 9 10 11 12 15 18 20 21 26 30 31 34 37 38 43 44 45 47 52 55 57 58 61 64 66 67 68 72 75 76 77 78 79 80 82 83 93 96 97 101 104 107 110 111 113 115 116 119 122 124 128 129 131 132 133 135 137 138 139 140 141 145 147 150 151 152 154 155 156 157 159 162 164 165 166 169 170 173 174 177 181 182 184 187 188 192 193 199 200 202 205 206 208 211 212 215 216 
found contradiction

learn() on level 11 as true found contradiction
assuming 11 to be false
learn() on level 11 as false
learn()
already learned: -11 19 9 13 10 8 3 -22 7 6 5 4 -26 -50 2 32 -28 1 
already satisfied: 4 5 8 9 10 11 12 15 16 18 20 21 26 30 31 34 36 37 38 43 44 45 47 51 52 55 56 57 58 61 64 66 67 68 72 75 76 77 78 79 80 82 83 93 95 96 97 98 101 104 107 110 111 113 115 116 119 122 124 128 129 131 132 133 135 137 138 139 140 141 144 145 147 150 151 152 154 155 156 157 159 162 164 165 166 169 170 173 174 177 181 182 184 187 188 192 193 194 195 199 200 202 205 206 208 211 212 215 216 
newly learned: 49 -21 46 17 -31 27 
newly satisfied: 2 0 0 1 1 0 

11 = false did not lead to contradiction
pure_lit_eliminate() on level 11
pure_lit_eliminate()
currently learned: 27 -31 17 -11 19 9 13 10 8 3 -22 7 6 5 -21 4 46 -26 -50 49 2 32 -28 1 
currently satisfied: 4 5 8 9 10 11 12 15 16 18 20 21 26 30 31 34 36 37 38 39 43 44 45 47 51 52 55 56 57 58 61 64 66 67 68 72 75 76 77 78 79 80 82 83 93 95 96 97 98 101 103 104 107 109 110 111 113 115 116 119 122 124 128 129 130 131 132 133 135 137 138 139 140 141 144 145 147 149 150 151 152 154 155 156 157 159 162 164 165 166 169 170 173 174 177 181 182 184 187 188 192 193 194 195 199 200 202 203 205 206 208 211 212 215 216 
newly learned: 
-29 
newly satisfied: 
0 1 13 24 27 32 48 50 53 54 69 70 73 81 84 86 89 91 114 125 134 136 142 148 153 158 172 185 190 191 196 197 209 214 

mark_satisfied() on level 11
mark_satisfied()
currently learned: -29 27 -31 17 -11 19 9 13 10 8 3 -22 7 6 5 -21 4 46 -26 -50 49 2 32 -28 1 
currently satisfied: 
0 1 4 5 8 9 10 11 12 13 15 16 18 20 21 24 26 27 30 31 32 34 36 37 38 39 43 44 45 47 48 50 51 52 53 54 55 56 57 58 61 64 66 67 68 69 70 72 73 75 76 77 78 79 80 81 82 83 84 86 89 91 93 95 96 97 98 101 103 104 107 109 110 111 113 114 115 116 119 122 124 125 128 129 130 131 132 133 134 135 136 137 138 139 140 141 142 144 145 147 148 149 150 151 152 153 154 155 156 157 158 159 162 164 165 166 169 170 172 173 174 177 181 182 184 185 187 188 190 191 192 193 194 195 196 197 199 200 202 203 205 206 208 209 211 212 214 215 216 
newly satisfied: 
num_satisfied: 149

continuing to solve
assuming 12 to be true
learn() on level 12
learn()
already learned: 12 -29 27 -31 17 -11 19 9 13 10 8 3 -22 7 6 5 -21 4 46 -26 -50 49 2 32 -28 1 
already satisfied: 0 1 4 5 8 9 10 11 12 13 15 16 18 20 21 24 26 27 30 31 32 34 36 37 38 39 43 44 45 47 48 50 51 52 53 54 55 56 57 58 61 64 66 67 68 69 70 72 73 75 76 77 78 79 80 81 82 83 84 86 89 91 93 95 96 97 98 101 103 104 107 109 110 111 113 114 115 116 119 122 124 125 128 129 130 131 132 133 134 135 136 137 138 139 140 141 142 144 145 147 148 149 150 151 152 153 154 155 156 157 158 159 162 164 165 166 169 170 172 173 174 177 181 182 184 185 187 188 190 191 192 193 194 195 196 197 199 200 202 203 205 206 208 209 211 212 214 215 216 
newly learned: 18 
newly satisfied: 0 

12 = true did not lead to a contradiction
pure_lit_eliminate() on level 12
pure_lit_eliminate()
currently learned: 18 12 -29 27 -31 17 -11 19 9 13 10 8 3 -22 7 6 5 -21 4 46 -26 -50 49 2 32 -28 1 
currently satisfied: 0 1 4 5 8 9 10 11 12 13 15 16 18 20 21 24 26 27 30 31 32 34 36 37 38 39 43 44 45 47 48 50 51 52 53 54 55 56 57 58 61 64 66 67 68 69 70 72 73 75 76 77 78 79 80 81 82 83 84 86 89 91 93 95 96 97 98 101 103 104 107 109 110 111 113 114 115 116 119 122 124 125 128 129 130 131 132 133 134 135 136 137 138 139 140 141 142 144 145 147 148 149 150 151 152 153 154 155 156 157 158 159 162 164 165 166 168 169 170 172 173 174 177 181 182 184 185 187 188 190 191 192 193 194 195 196 197 199 200 202 203 205 206 208 209 211 212 214 215 216 
newly learned: 

newly satisfied: 


mark_satisfied() on level 12
mark_satisfied()
currently learned: 18 12 -29 27 -31 17 -11 19 9 13 10 8 3 -22 7 6 5 -21 4 46 -26 -50 49 2 32 -28 1 
currently satisfied: 
0 1 4 5 8 9 10 11 12 13 15 16 18 20 21 24 26 27 30 31 32 34 36 37 38 39 43 44 45 47 48 50 51 52 53 54 55 56 57 58 61 64 66 67 68 69 70 72 73 75 76 77 78 79 80 81 82 83 84 86 89 91 93 95 96 97 98 101 103 104 107 109 110 111 113 114 115 116 119 122 124 125 128 129 130 131 132 133 134 135 136 137 138 139 140 141 142 144 145 147 148 149 150 151 152 153 154 155 156 157 158 159 162 164 165 166 168 169 170 172 173 174 177 181 182 184 185 187 188 190 191 192 193 194 195 196 197 199 200 202 203 205 206 208 209 211 212 214 215 216 
newly satisfied: 74 102 210 
num_satisfied: 153

continuing to solve
assuming 14 to be true
learn() on level 14
learn()
already learned: 18 12 -29 27 -31 17 14 -11 19 9 13 10 8 3 -22 7 6 5 -21 4 46 -26 -50 49 2 32 -28 1 
already satisfied: 0 1 4 5 8 9 10 11 12 13 15 16 18 20 21 24 26 27 30 31 32 34 36 37 38 39 43 44 45 47 48 50 51 52 53 54 55 56 57 58 61 64 66 67 68 69 70 72 73 74 75 76 77 78 79 80 81 82 83 84 86 89 91 93 95 96 97 98 101 102 103 104 107 109 110 111 113 114 115 116 119 122 124 125 128 129 130 131 132 133 134 135 136 137 138 139 140 141 142 144 145 147 148 149 150 151 152 153 154 155 156 157 158 159 162 164 165 166 168 169 170 172 173 174 177 181 182 184 185 187 188 190 191 192 193 194 195 196 197 199 200 202 203 205 206 208 209 210 211 212 214 215 216 
newly learned: -48 -15 34 
newly satisfied: 1 1 1 

14 = true did not lead to a contradiction
pure_lit_eliminate() on level 14
pure_lit_eliminate()
currently learned: 34 -48 18 12 -29 27 -31 17 14 -11 19 9 13 -15 10 8 3 -22 7 6 5 -21 4 46 -26 -50 49 2 32 -28 1 
currently satisfied: 0 1 4 5 8 9 10 11 12 13 15 16 18 20 21 24 26 27 29 30 31 32 33 34 36 37 38 39 43 44 45 47 48 50 51 52 53 54 55 56 57 58 61 64 65 66 67 68 69 70 72 73 74 75 76 77 78 79 80 81 82 83 84 86 89 91 93 95 96 97 98 101 102 103 104 107 109 110 111 113 114 115 116 119 122 124 125 128 129 130 131 132 133 134 135 136 137 138 139 140 141 142 144 145 147 148 149 150 151 152 153 154 155 156 157 158 159 162 164 165 166 168 169 170 172 173 174 177 181 182 184 185 187 188 190 191 192 193 194 195 196 197 199 200 202 203 205 206 208 209 210 211 212 214 215 216 
newly learned: 

newly satisfied: 


mark_satisfied() on level 14
mark_satisfied()
currently learned: 34 -48 18 12 -29 27 -31 17 14 -11 19 9 13 -15 10 8 3 -22 7 6 5 -21 4 46 -26 -50 49 2 32 -28 1 
currently satisfied: 
0 1 4 5 8 9 10 11 12 13 15 16 18 20 21 24 26 27 29 30 31 32 33 34 36 37 38 39 43 44 45 47 48 50 51 52 53 54 55 56 57 58 61 64 65 66 67 68 69 70 72 73 74 75 76 77 78 79 80 81 82 83 84 86 89 91 93 95 96 97 98 101 102 103 104 107 109 110 111 113 114 115 116 119 122 124 125 128 129 130 131 132 133 134 135 136 137 138 139 140 141 142 144 145 147 148 149 150 151 152 153 154 155 156 157 158 159 162 164 165 166 168 169 170 172 173 174 177 181 182 184 185 187 188 190 191 192 193 194 195 196 197 199 200 202 203 205 206 208 209 210 211 212 214 215 216 
newly satisfied: 41 90 99 100 108 160 183 
num_satisfied: 163

continuing to solve
assuming 16 to be true
learn() on level 16
learn()
already learned: 16 34 -48 18 12 -29 27 -31 17 14 -11 19 9 13 -15 10 8 3 -22 7 6 5 -21 4 46 -26 -50 49 2 32 -28 1 
already satisfied: 0 1 4 5 8 9 10 11 12 13 15 16 18 20 21 24 26 27 29 30 31 32 33 34 36 37 38 39 41 43 44 45 47 48 50 51 52 53 54 55 56 57 58 61 64 65 66 67 68 69 70 72 73 74 75 76 77 78 79 80 81 82 83 84 86 89 90 91 93 95 96 97 98 99 100 101 102 103 104 107 108 109 110 111 113 114 115 116 119 122 124 125 128 129 130 131 132 133 134 135 136 137 138 139 140 141 142 144 145 147 148 149 150 151 152 153 154 155 156 157 158 159 160 162 164 165 166 168 169 170 172 173 174 177 181 182 183 184 185 187 188 190 191 192 193 194 195 196 197 199 200 202 203 205 206 208 209 210 211 212 214 215 216 
found contradiction

learn() on level 16 as true found contradiction
assuming 16 to be false
learn() on level 16 as false
learn()
already learned: 34 -48 18 12 -29 27 -31 17 14 -11 19 -16 9 13 -15 10 8 3 -22 7 6 5 -21 4 46 -26 -50 49 2 32 -28 1 
already satisfied: 4 5 8 9 10 11 12 13 15 16 18 19 20 21 24 25 26 27 28 29 30 31 32 33 34 36 37 38 39 41 43 44 45 47 48 50 51 52 53 54 55 56 57 58 61 64 65 66 67 68 69 70 72 73 74 75 76 77 78 79 80 81 82 83 84 86 89 90 91 92 93 95 96 97 98 99 100 101 102 103 104 105 106 107 108 109 110 111 113 114 115 116 119 122 123 124 125 126 128 129 130 131 132 133 134 135 136 137 138 139 140 141 142 144 145 146 147 148 149 150 151 152 153 154 155 156 157 158 159 160 162 164 165 166 168 169 170 172 173 174 177 181 182 183 184 185 187 188 190 191 192 193 194 195 196 197 199 200 202 203 205 206 208 209 210 211 212 214 215 216 
found contradiction

16 = false resulted in second contradiction, returning false
14 = true did not lead to satisfiable solution
assuming 14 = false
erasing unit literals and indices from 14 = true
erasing pure literals and indices from 14 = true
erasing extra satisfied clauses from 14 = true
state of learned after removal:-14 18 12 -29 27 -31 17 -11 19 9 13 10 8 3 -22 7 6 5 -21 4 46 -26 -50 49 2 32 -28 1 
state of satisfied after removal:4 5 6 8 9 10 11 12 13 15 16 18 19 20 21 24 25 26 27 28 29 30 31 32 33 34 36 37 38 39 40 43 44 45 47 48 50 51 52 53 54 55 56 57 58 59 60 61 64 65 66 67 68 69 70 72 73 74 75 76 77 78 79 80 81 82 83 84 85 86 89 91 92 93 94 95 96 97 98 101 102 103 104 105 106 107 109 110 111 113 114 115 116 119 120 122 123 124 125 126 128 129 130 131 132 133 134 135 136 137 138 139 140 141 142 144 145 146 147 148 149 150 151 152 153 154 155 156 157 158 159 162 164 165 166 168 169 170 172 173 174 177 180 181 182 184 185 187 188 190 191 192 193 194 195 196 197 199 200 202 203 205 206 208 209 210 211 212 214 215 216 217 
learn() from level 14 = false
learn()
already learned: -14 18 12 -29 27 -31 17 -11 19 9 13 10 8 3 -22 7 6 5 -21 4 46 -26 -50 49 2 32 -28 1 
already satisfied: 4 5 6 8 9 10 11 12 13 15 16 18 19 20 21 24 25 26 27 28 29 30 31 32 33 34 36 37 38 39 40 43 44 45 47 48 50 51 52 53 54 55 56 57 58 59 60 61 64 65 66 67 68 69 70 72 73 74 75 76 77 78 79 80 81 82 83 84 85 86 89 91 92 93 94 95 96 97 98 101 102 103 104 105 106 107 109 110 111 113 114 115 116 119 120 122 123 124 125 126 128 129 130 131 132 133 134 135 136 137 138 139 140 141 142 144 145 146 147 148 149 150 151 152 153 154 155 156 157 158 159 162 164 165 166 168 169 170 172 173 174 177 180 181 182 184 185 187 188 190 191 192 193 194 195 196 197 199 200 202 203 205 206 208 209 210 211 212 214 215 216 217 
newly learned: 
newly satisfied: 

pure_lit_eliminate() on level 14 = false
pure_lit_eliminate()
currently learned: -14 18 12 -29 27 -31 17 -11 19 9 13 10 8 3 -22 7 6 5 -21 4 46 -26 -50 49 2 32 -28 1 
currently satisfied: 4 5 6 8 9 10 11 12 13 15 16 18 19 20 21 24 25 26 27 28 29 30 31 32 33 34 36 37 38 39 40 43 44 45 47 48 50 51 52 53 54 55 56 57 58 59 60 61 64 65 66 67 68 69 70 72 73 74 75 76 77 78 79 80 81 82 83 84 85 86 89 91 92 93 94 95 96 97 98 101 102 103 104 105 106 107 109 110 111 113 114 115 116 119 120 122 123 124 125 126 128 129 130 131 132 133 134 135 136 137 138 139 140 141 142 144 145 146 147 148 149 150 151 152 153 154 155 156 157 158 159 162 164 165 166 168 169 170 172 173 174 177 180 181 182 184 185 187 188 190 191 192 193 194 195 196 197 199 200 202 203 205 206 208 209 210 211 212 214 215 216 217 
newly learned: 
40 -16 -23 -48 -15 -34 -25 30 
newly satisfied: 
0 1 99 100 108 118 121 161 167 183 49 62 90 160 117 201 

mark_satisfied() on level 14 = false
mark_satisfied()
currently learned: 30 -25 -34 -48 40 -14 18 12 -29 27 -31 17 -11 19 -16 9 13 -15 10 8 3 -22 7 6 5 -21 4 46 -26 -50 -23 49 2 32 -28 1 
currently satisfied: 
0 1 4 5 6 8 9 10 11 12 13 15 16 18 19 20 21 24 25 26 27 28 29 30 31 32 33 34 36 37 38 39 40 43 44 45 47 48 49 50 51 52 53 54 55 56 57 58 59 60 61 62 64 65 66 67 68 69 70 72 73 74 75 76 77 78 79 80 81 82 83 84 85 86 89 90 91 92 93 94 95 96 97 98 99 100 101 102 103 104 105 106 107 108 109 110 111 113 114 115 116 117 118 119 120 121 122 123 124 125 126 128 129 130 131 132 133 134 135 136 137 138 139 140 141 142 144 145 146 147 148 149 150 151 152 153 154 155 156 157 158 159 160 161 162 164 165 166 167 168 169 170 172 173 174 177 180 181 182 183 184 185 187 188 190 191 192 193 194 195 196 197 199 200 201 202 203 205 206 208 209 210 211 212 214 215 216 217 
newly satisfied: 
num_satisfied: 188

assuming 20 to be true
learn() on level 20
learn()
already learned: 20 30 -25 -34 -48 40 -14 18 12 -29 27 -31 17 -11 19 -16 9 13 -15 10 8 3 -22 7 6 5 -21 4 46 -26 -50 -23 49 2 32 -28 1 
already satisfied: 0 1 4 5 6 8 9 10 11 12 13 15 16 18 19 20 21 24 25 26 27 28 29 30 31 32 33 34 36 37 38 39 40 43 44 45 47 48 49 50 51 52 53 54 55 56 57 58 59 60 61 62 64 65 66 67 68 69 70 72 73 74 75 76 77 78 79 80 81 82 83 84 85 86 89 90 91 92 93 94 95 96 97 98 99 100 101 102 103 104 105 106 107 108 109 110 111 113 114 115 116 117 118 119 120 121 122 123 124 125 126 128 129 130 131 132 133 134 135 136 137 138 139 140 141 142 144 145 146 147 148 149 150 151 152 153 154 155 156 157 158 159 160 161 162 164 165 166 167 168 169 170 172 173 174 177 180 181 182 183 184 185 187 188 190 191 192 193 194 195 196 197 199 200 201 202 203 205 206 208 209 210 211 212 214 215 216 217 
newly learned: -33 
newly satisfied: 1 

20 = true did not lead to a contradiction
pure_lit_eliminate() on level 20
pure_lit_eliminate()
currently learned: -33 20 30 -25 -34 -48 40 -14 18 12 -29 27 -31 17 -11 19 -16 9 13 -15 10 8 3 -22 7 6 5 -21 4 46 -26 -50 -23 49 2 32 -28 1 
currently satisfied: 0 1 4 5 6 8 9 10 11 12 13 15 16 17 18 19 20 21 24 25 26 27 28 29 30 31 32 33 34 36 37 38 39 40 43 44 45 47 48 49 50 51 52 53 54 55 56 57 58 59 60 61 62 64 65 66 67 68 69 70 72 73 74 75 76 77 78 79 80 81 82 83 84 85 86 89 90 91 92 93 94 95 96 97 98 99 100 101 102 103 104 105 106 107 108 109 110 111 113 114 115 116 117 118 119 120 121 122 123 124 125 126 128 129 130 131 132 133 134 135 136 137 138 139 140 141 142 144 145 146 147 148 149 150 151 152 153 154 155 156 157 158 159 160 161 162 164 165 166 167 168 169 170 172 173 174 177 180 181 182 183 184 185 187 188 190 191 192 193 194 195 196 197 199 200 201 202 203 205 206 208 209 210 211 212 214 215 216 217 
newly learned: 

newly satisfied: 


mark_satisfied() on level 20
mark_satisfied()
currently learned: -33 20 30 -25 -34 -48 40 -14 18 12 -29 27 -31 17 -11 19 -16 9 13 -15 10 8 3 -22 7 6 5 -21 4 46 -26 -50 -23 49 2 32 -28 1 
currently satisfied: 
0 1 4 5 6 8 9 10 11 12 13 15 16 17 18 19 20 21 24 25 26 27 28 29 30 31 32 33 34 36 37 38 39 40 43 44 45 47 48 49 50 51 52 53 54 55 56 57 58 59 60 61 62 64 65 66 67 68 69 70 72 73 74 75 76 77 78 79 80 81 82 83 84 85 86 89 90 91 92 93 94 95 96 97 98 99 100 101 102 103 104 105 106 107 108 109 110 111 113 114 115 116 117 118 119 120 121 122 123 124 125 126 128 129 130 131 132 133 134 135 136 137 138 139 140 141 142 144 145 146 147 148 149 150 151 152 153 154 155 156 157 158 159 160 161 162 164 165 166 167 168 169 170 172 173 174 177 180 181 182 183 184 185 187 188 190 191 192 193 194 195 196 197 199 200 201 202 203 205 206 208 209 210 211 212 214 215 216 217 
newly satisfied: 14 87 88 175 178 213 
num_satisfied: 195

continuing to solve
assuming 24 to be true
learn() on level 24
learn()
already learned: -33 20 30 -25 -34 24 -48 40 -14 18 12 -29 27 -31 17 -11 19 -16 9 13 -15 10 8 3 -22 7 6 5 -21 4 46 -26 -50 -23 49 2 32 -28 1 
already satisfied: 0 1 4 5 6 8 9 10 11 12 13 14 15 16 17 18 19 20 21 24 25 26 27 28 29 30 31 32 33 34 36 37 38 39 40 43 44 45 47 48 49 50 51 52 53 54 55 56 57 58 59 60 61 62 64 65 66 67 68 69 70 72 73 74 75 76 77 78 79 80 81 82 83 84 85 86 87 88 89 90 91 92 93 94 95 96 97 98 99 100 101 102 103 104 105 106 107 108 109 110 111 113 114 115 116 117 118 119 120 121 122 123 124 125 126 128 129 130 131 132 133 134 135 136 137 138 139 140 141 142 144 145 146 147 148 149 150 151 152 153 154 155 156 157 158 159 160 161 162 164 165 166 167 168 169 170 172 173 174 175 177 178 180 181 182 183 184 185 187 188 190 191 192 193 194 195 196 197 199 200 201 202 203 205 206 208 209 210 211 212 213 214 215 216 217 
found contradiction

learn() on level 24 as true found contradiction
assuming 24 to be false
learn() on level 24 as false
learn()
already learned: -33 20 30 -25 -34 -48 40 -14 18 12 -29 27 -31 17 -11 19 -16 9 13 -15 10 8 3 -22 7 6 5 -21 4 46 -26 -50 -23 49 2 32 -28 -24 1 
already satisfied: 4 5 6 8 9 10 11 12 13 14 15 16 17 18 19 20 21 24 25 26 27 28 29 30 31 32 33 34 36 37 38 39 40 43 44 45 47 48 49 50 51 52 53 54 55 56 57 58 59 60 61 62 64 65 66 67 68 69 70 72 73 74 75 76 77 78 79 80 81 82 83 84 85 86 87 88 89 90 91 92 93 94 95 96 97 98 99 100 101 102 103 104 105 106 107 108 109 110 111 113 114 115 116 117 118 119 120 121 122 123 124 125 126 128 129 130 131 132 133 134 135 136 137 138 139 140 141 142 144 145 146 147 148 149 150 151 152 153 154 155 156 157 158 159 160 161 162 164 165 166 167 168 169 170 172 173 174 175 176 177 178 180 181 182 183 184 185 186 187 188 190 191 192 193 194 195 196 197 199 200 201 202 203 205 206 207 208 209 210 211 212 213 214 215 216 217 
newly learned: -42 -37 44 43 45 36 47 -35 -39 
newly satisfied: 2 0 1 1 0 1 0 2 2 

24 = false did not lead to contradiction
pure_lit_eliminate() on level 24
pure_lit_eliminate()
currently learned: -39 -35 -25 36 -16 45 -37 -33 20 19 -42 -31 30 -14 47 27 -34 13 -48 -21 40 18 12 43 32 -29 17 -11 9 46 -15 10 8 3 -22 7 6 5 4 -26 -50 -23 49 2 44 -28 -24 1 
currently satisfied: 3 4 5 6 8 9 10 11 12 13 14 15 16 17 18 19 20 21 23 24 25 26 27 28 29 30 31 32 33 34 36 37 38 39 40 43 44 45 47 48 49 50 51 52 53 54 55 56 57 58 59 60 61 62 63 64 65 66 67 68 69 70 72 73 74 75 76 77 78 79 80 81 82 83 84 85 86 87 88 89 90 91 92 93 94 95 96 97 98 99 100 101 102 103 104 105 106 107 108 109 110 111 112 113 114 115 116 117 118 119 120 121 122 123 124 125 126 127 128 129 130 131 132 133 134 135 136 137 138 139 140 141 142 143 144 145 146 147 148 149 150 151 152 153 154 155 156 157 158 159 160 161 162 163 164 165 166 167 168 169 170 171 172 173 174 175 176 177 178 179 180 181 182 183 184 185 186 187 188 190 191 192 193 194 195 196 197 199 200 201 202 203 205 206 207 208 209 210 211 212 213 214 215 216 217 
newly learned: 

newly satisfied: 


mark_satisfied() on level 24
mark_satisfied()
currently learned: -39 -35 -25 36 -16 45 -37 -33 20 19 -42 -31 30 -14 47 27 -34 13 -48 -21 40 18 12 43 32 -29 17 -11 9 46 -15 10 8 3 -22 7 6 5 4 -26 -50 -23 49 2 44 -28 -24 1 
currently satisfied: 
3 4 5 6 8 9 10 11 12 13 14 15 16 17 18 19 20 21 23 24 25 26 27 28 29 30 31 32 33 34 36 37 38 39 40 43 44 45 47 48 49 50 51 52 53 54 55 56 57 58 59 60 61 62 63 64 65 66 67 68 69 70 72 73 74 75 76 77 78 79 80 81 82 83 84 85 86 87 88 89 90 91 92 93 94 95 96 97 98 99 100 101 102 103 104 105 106 107 108 109 110 111 112 113 114 115 116 117 118 119 120 121 122 123 124 125 126 127 128 129 130 131 132 133 134 135 136 137 138 139 140 141 142 143 144 145 146 147 148 149 150 151 152 153 154 155 156 157 158 159 160 161 162 163 164 165 166 167 168 169 170 171 172 173 174 175 176 177 178 179 180 181 182 183 184 185 186 187 188 190 191 192 193 194 195 196 197 199 200 201 202 203 205 206 207 208 209 210 211 212 213 214 215 216 217 
newly satisfied: 0 1 2 7 22 35 41 42 46 189 198 204 
num_satisfied: 217

continuing to solve
assuming 38 to be true
learn() on level 38
learn()
already learned: -39 -35 -25 36 -16 45 -37 -33 20 19 -42 -31 30 -14 47 27 -34 13 -48 -21 40 18 12 43 32 -29 17 -11 9 46 -15 10 8 3 -22 7 6 5 4 -26 -50 38 -23 49 2 44 -28 -24 1 
already satisfied: 0 1 2 3 4 5 6 7 8 9 10 11 12 13 14 15 16 17 18 19 20 21 22 23 24 25 26 27 28 29 30 31 32 33 34 35 36 37 38 39 40 41 42 43 44 45 46 47 48 49 50 51 52 53 54 55 56 57 58 59 60 61 62 63 64 65 66 67 68 69 70 72 73 74 75 76 77 78 79 80 81 82 83 84 85 86 87 88 89 90 91 92 93 94 95 96 97 98 99 100 101 102 103 104 105 106 107 108 109 110 111 112 113 114 115 116 117 118 119 120 121 122 123 124 125 126 127 128 129 130 131 132 133 134 135 136 137 138 139 140 141 142 143 144 145 146 147 148 149 150 151 152 153 154 155 156 157 158 159 160 161 162 163 164 165 166 167 168 169 170 171 172 173 174 175 176 177 178 179 180 181 182 183 184 185 186 187 188 189 190 191 192 193 194 195 196 197 198 199 200 201 202 203 204 205 206 207 208 209 210 211 212 213 214 215 216 217 
newly learned: -41 
newly satisfied: 2 

38 = true did not lead to a contradiction
pure_lit_eliminate() on level 38
pure_lit_eliminate()
currently learned: -39 -35 -25 36 -16 45 -37 -33 -41 20 19 -42 -31 30 -14 47 27 -34 13 -48 -21 40 18 12 43 32 -29 17 -11 9 46 -15 10 8 3 -22 7 6 5 4 -26 -50 38 -23 49 2 44 -28 -24 1 
currently satisfied: 0 1 2 3 4 5 6 7 8 9 10 11 12 13 14 15 16 17 18 19 20 21 22 23 24 25 26 27 28 29 30 31 32 33 34 35 36 37 38 39 40 41 42 43 44 45 46 47 48 49 50 51 52 53 54 55 56 57 58 59 60 61 62 63 64 65 66 67 68 69 70 71 72 73 74 75 76 77 78 79 80 81 82 83 84 85 86 87 88 89 90 91 92 93 94 95 96 97 98 99 100 101 102 103 104 105 106 107 108 109 110 111 112 113 114 115 116 117 118 119 120 121 122 123 124 125 126 127 128 129 130 131 132 133 134 135 136 137 138 139 140 141 142 143 144 145 146 147 148 149 150 151 152 153 154 155 156 157 158 159 160 161 162 163 164 165 166 167 168 169 170 171 172 173 174 175 176 177 178 179 180 181 182 183 184 185 186 187 188 189 190 191 192 193 194 195 196 197 198 199 200 201 202 203 204 205 206 207 208 209 210 211 212 213 214 215 216 217 
newly learned: 

newly satisfied: 


mark_satisfied() on level 38
mark_satisfied()
currently learned: -39 -35 -25 36 -16 45 -37 -33 -41 20 19 -42 -31 30 -14 47 27 -34 13 -48 -21 40 18 12 43 32 -29 17 -11 9 46 -15 10 8 3 -22 7 6 5 4 -26 -50 38 -23 49 2 44 -28 -24 1 
currently satisfied: 
0 1 2 3 4 5 6 7 8 9 10 11 12 13 14 15 16 17 18 19 20 21 22 23 24 25 26 27 28 29 30 31 32 33 34 35 36 37 38 39 40 41 42 43 44 45 46 47 48 49 50 51 52 53 54 55 56 57 58 59 60 61 62 63 64 65 66 67 68 69 70 71 72 73 74 75 76 77 78 79 80 81 82 83 84 85 86 87 88 89 90 91 92 93 94 95 96 97 98 99 100 101 102 103 104 105 106 107 108 109 110 111 112 113 114 115 116 117 118 119 120 121 122 123 124 125 126 127 128 129 130 131 132 133 134 135 136 137 138 139 140 141 142 143 144 145 146 147 148 149 150 151 152 153 154 155 156 157 158 159 160 161 162 163 164 165 166 167 168 169 170 171 172 173 174 175 176 177 178 179 180 181 182 183 184 185 186 187 188 189 190 191 192 193 194 195 196 197 198 199 200 201 202 203 204 205 206 207 208 209 210 211 212 213 214 215 216 217 
newly satisfied: 
num_satisfied: 218

all clauses satisfied, returning true
Ran 1 tests...

[FAIL] Solve -> UUF50_218_1000 (10 ms)
	at: /Users/oliverlie/Documents/GitHub/SATurn/tests/SolveTest.cpp:38
	Expected: solver.solveCNF() to be false

--------------------------------------------------
Total: 1 | Passed: 0 | Failed: 1 | Skipped: 0
Time: 10 ms
/Users/oliverlie/.testpp/build/bin/testpp_generated  
